>CCWTTGTYHWNN	CCWTTGTYHWNN	6.798756	-13201.618679	0	T:74767.0(39.32%),B:43075.0(22.67%),P:1e-5733
0.021	0.466	0.265	0.248
0.001	0.629	0.001	0.369
0.489	0.001	0.001	0.509
0.001	0.001	0.001	0.997
0.001	0.001	0.001	0.997
0.012	0.077	0.910	0.001
0.105	0.001	0.001	0.893
0.162	0.271	0.180	0.386
0.298	0.244	0.087	0.371
0.225	0.206	0.201	0.369
0.254	0.210	0.274	0.261
0.242	0.288	0.209	0.260
>NNRGCCMCACCC	NNRGCCMCACCC	7.631723	-8530.598631	0	T:32084.0(16.87%),B:14707.5(7.74%),P:1e-3704
0.276	0.257	0.237	0.230
0.315	0.217	0.248	0.221
0.345	0.128	0.380	0.147
0.327	0.004	0.612	0.057
0.146	0.710	0.016	0.128
0.035	0.734	0.001	0.230
0.456	0.537	0.001	0.006
0.001	0.997	0.001	0.001
0.462	0.001	0.312	0.225
0.001	0.997	0.001	0.001
0.001	0.997	0.001	0.001
0.001	0.769	0.001	0.229
>GCCCCCTAGTGG	GCCCCCTAGTGG	10.212441	-3441.927892	0	T:3850.0(2.02%),B:700.9(0.37%),P:1e-1494
0.046	0.018	0.839	0.097
0.084	0.869	0.030	0.017
0.014	0.937	0.003	0.046
0.278	0.662	0.011	0.049
0.011	0.671	0.005	0.313
0.007	0.981	0.003	0.009
0.015	0.038	0.023	0.924
0.597	0.025	0.270	0.108
0.016	0.158	0.808	0.018
0.073	0.037	0.041	0.849
0.006	0.001	0.979	0.014
0.036	0.018	0.886	0.060
>TTBWTATGCAAA	TTBWTATGCAAA	7.898049	-2901.578631	0	T:10916.0(5.74%),B:4841.3(2.55%),P:1e-1260
0.076	0.214	0.152	0.558
0.193	0.090	0.164	0.553
0.170	0.306	0.324	0.200
0.377	0.186	0.081	0.355
0.223	0.224	0.163	0.390
0.666	0.010	0.106	0.218
0.001	0.001	0.001	0.997
0.005	0.002	0.745	0.248
0.033	0.545	0.142	0.280
0.625	0.006	0.001	0.368
0.692	0.002	0.175	0.131
0.909	0.001	0.052	0.038
>GCAGGTAGCAGT	GCAGGTAGCAGT	12.333784	-913.017237	0	T:331.0(0.17%),B:8.0(0.00%),P:1e-396
0.001	0.001	0.997	0.001
0.001	0.997	0.001	0.001
0.997	0.001	0.001	0.001
0.014	0.001	0.984	0.001
0.001	0.001	0.997	0.001
0.001	0.001	0.001	0.997
0.997	0.001	0.001	0.001
0.001	0.001	0.997	0.001
0.001	0.997	0.001	0.001
0.997	0.001	0.001	0.001
0.001	0.001	0.997	0.001
0.001	0.001	0.001	0.997
